 0 11.580590160715104 8.693037080378769 0.05879675040747623, 
 1 19.0093759851514 4.079088694641124 0.19088070544455366, 
 2 5.604123188384758 17.47247855221701 0.23810391513220697, 
 3 4.324220184633864 14.389128535548842 0.09312194500449847, 
 4 6.70734723040513 15.462566251660288 0.1589415117088303, 
 5 19.262957978393075 1.770103026193195 0.1106209649165385, 
 6 16.605288905651577 9.895377204067145 0.23873544902951277, 
 7 10.568023097247343 5.839072629580393 0.24878557253199743, 
 8 0.2802987235226495 6.820976519082745 0.15847459252239995, 
 9 11.09281386652498 7.109034075879757 0.07075498207889808, 
 10 4.625892304681529 14.330013550345438 0.030437025766856557, 
 11 4.55278583386386 6.968691881724272 0.06898302423647365, 
 12 1.4300657426080399 4.851495457889752 0.12489841633107485, 
 13 9.627394033940078 17.051648957119344 0.0015180344840364235, 
 14 13.062456941007882 7.5650847240746515 0.02909097747730985, 
 15 14.266605444884773 13.170756391143932 0.1097626182921819, 
 16 9.059196936987572 17.539547957475314 0.11328847785329565, 
 17 13.655586517295234 17.6436399373261 0.04707622367626557, 
 18 3.7564732078562812 4.063247923300186 0.07403927081845568, 
 19 10.497212303645151 8.011835210279248 0.09913676568466145, 
 20 16.33758597209734 5.303975716503544 0.1906474585811364, 
 21 4.18200474139796 10.11239663633396 0.07575720194478358, 
 22 14.445031271743495 8.146607532177528 0.0602491951435975, 
 23 10.814019002035177 11.638717716727314 0.05420400685295129, 
 24 17.372816173547353 3.7182319621484194 0.03882619175653726, 
 25 13.421825141171144 18.355508570955635 0.2189267419249905, 
 26 3.4861759231748035 13.319137472087998 0.06966584908077733, 
 27 10.166168382846717 0.8278496019234827 0.006014585294666169, 
 28 4.7950608647682 13.519574170995249 0.08888462539036832, 
 29 16.807800351146188 3.889842607571554 0.1902733635244857, 
 30 17.60056466162917 0.029143818213988038 0.03628963686456857, 
 31 1.6555433443791379 5.306068624569069 0.012286568121570612, 
 32 17.09382015337354 19.258184231546817 0.2230179625320406, 
 33 9.898497261063914 2.547695632020812 0.054499897597358155, 
 34 13.156154090620158 5.6162657960662905 0.058862774925170946, 
 35 7.54760326351774 7.881101601701146 0.08265987860487273, 
 36 19.016423683829043 17.567048900362742 0.2181126991942078, 
 37 0.7681930951304716 19.804174721586506 0.14884441268870527, 
 38 0.6828138070218981 2.0039375228843626 0.2340819394919803, 
 39 6.461821870721128 3.2054240298497105 0.0779428222630037, 
 40 17.185905455081407 5.037345188535864 0.04762401920334236, 
 41 16.52528783559982 18.592621698809257 0.012464447805464157, 
 42 5.838907950106817 17.889624801678224 0.07197500376653668, 
 43 17.937401292726715 1.6572537020565337 0.07376111457524218, 
 44 6.318485205547047 14.062976100965475 0.15578073154415828, 
 45 10.047483272828703 4.812543378670194 0.19751720940451814, 
 46 7.962048458221442 2.751561574896708 0.17348786035186067, 
 47 10.198850896187732 0.8575907050404274 0.10016173247412608, 
 48 9.01857123009256 12.771809521093537 0.12012561386329473, 
 49 19.83839971260538 1.4571739185401977 0.22175481871471486, 
 50 9.621378082173567 9.932123803082993 0.1484232008634094, 
 51 10.949920993823463 7.752389041222793 0.08205417136061571, 
 52 14.101843003437315 2.290081922032292 0.22508870622722732, 
 53 2.1016918987908384 2.385453430012634 0.17562738164048033, 
 54 7.248896053054654 15.374370709556928 0.22965618551599867, 
 55 4.403287997367422 18.974091410123386 0.21088914198978922, 
 56 14.744631689906257 11.090332434818775 0.1306679102731122, 
 57 19.69514383163705 11.235854433089752 0.11724819387758834, 
 58 13.96250155488633 7.279703996999947 0.1970226689940738, 
 59 10.50729534433352 16.356908503144943 0.12567989010565517, 
 60 18.48047136100955 2.0521399605339896 0.0363557679691858, 
 61 17.568625262238985 19.827148668036582 0.12612394286544287, 
 62 11.10357745741765 0.020994131863942833 0.06143398428915675, 
 63 4.459961402225869 8.0154058271928 0.1713639016658464, 
 64 6.162351864575024 13.118842600919937 0.011203197213184468, 
 65 18.606194728528138 3.613869009598105 0.24128940613914615, 
 66 14.797102798234347 3.0869277180102572 0.2266177577668585, 
 67 6.104367093944873 3.3060795065134596 0.13458276416522405, 
 68 16.481864301993706 7.062321125637792 0.23635051293862663, 
 69 17.484044306744348 9.361865082663023 0.23140966925988324, 
 70 18.002424946775268 12.649743726094293 0.042417629993362294, 
 71 9.678450371207763 12.276796895429992 0.23122562463505816, 
 72 6.484071707978445 9.871842884712246 0.03648284876248836, 
 73 13.222389651640613 2.1820180830788027 0.23352451023839965, 
 74 7.058001734598642 9.53992387599477 0.039805350200272704, 
 75 14.646132086483028 6.869108692433212 0.23653670071178937, 
 76 6.739615626354471 10.661861497817904 0.011481748793156193, 
 77 3.5508076401784106 5.4078309231120585 0.0034081440318402545, 
 78 14.633547113056132 2.9778141844128503 0.1936670006113784, 
 79 17.96561165683653 12.173600753694435 0.0072299309573122805, 
 80 12.433204561620352 18.747569881369277 0.06904647696649693, 
 81 6.022939541225574 7.525269181956828 0.09400405944727874, 
 82 18.288207761285825 14.353561217125906 0.04502069158913363, 
 83 17.15456928671746 11.448620033478177 0.24588380752390612, 
 84 8.600302033516758 5.6659305715026225 0.20324815156682555, 
 85 12.007872854872305 5.460882142605947 0.21906843304021698, 
 86 5.493519761002226 9.66314822329658 0.1796063706403229, 
 87 11.89092869374544 8.397853208060791 0.20090722865613925, 
 88 19.091476989694243 1.4237848502955175 0.21285672701009545, 
 89 0.25193539698637357 3.0068885898749897 0.1170168981787264, 
 90 2.015076004230092 2.8997258927090708 0.15475912835267044, 
 91 19.641727644674923 14.362399695809025 0.08057208045007455, 
 92 14.566547111635924 5.133571317784962 0.2068452886074256, 
 93 16.64602452114692 7.009575288891825 0.15501832705721644, 
 94 0.9569777602125229 5.765843111296427 0.24113536115140688, 
 95 17.941559351509618 16.618132272648506 0.0370008884750227, 
 96 14.91828750348031 10.45108123096814 0.20272812496514495, 
 97 6.150017540190187 2.170001826963688 0.20561558144998926, 
 98 14.55830233647193 11.513576020372726 0.05020717648030093, 
 99 12.445952223592887 16.87930005495175 0.14557807286454755, 
