Format: Number X Y Radius, 
 0 60.374759223726905 66.9645022208062 0.17824561295825112, 
 2 82.9614570016745 95.03201022267915 0.16059054277014764, 
 4 56.86341346466522 53.05720435294937 0.1144677444419534, 
 6 27.220224177832897 13.324357893275796 0.022257509882405324, 
 8 74.61436031684998 62.45551224220146 0.08168979842507829, 
 10 26.033808238991195 55.08538907258731 0.16644471508560119, 
 12 71.77282008476602 99.36164678008976 0.04224035351335906, 
 14 9.803454836359615 4.565568808155584 0.17644730356452018, 
 16 44.374396020833004 77.04618940414085 0.17281581199578425, 
 18 70.86328518632305 53.77529652777003 0.19823662259993685, 
 20 55.41508186108669 36.4799854735809 0.10559782037357177, 
 22 44.845705764442044 11.865353211819674 0.19603149263203606, 
 24 22.476891458086545 75.09064798663692 0.21030632961019952, 
 26 38.81333330839536 31.5656067517472 0.006929470063055665, 
 28 37.64691845007494 46.84918600467648 0.07419185054779867, 
 30 21.97530888521403 57.39740122570518 0.23607590684813537, 
 32 85.1275065483996 68.59875509605759 0.15610147983318268, 
 34 88.34264273540548 75.8362181593398 0.04407304179495325, 
 36 21.084220564144918 99.46538679476265 0.06019823733632318, 
 38 29.29095231192954 3.0124121944636095 0.05510534952555021, 
 40 21.388881613966127 19.96878332093307 0.14726106770936923, 
 42 76.38088732962012 93.49649621660011 0.13946580934355765, 
 44 75.14734352366116 36.89620835361583 0.003548787587783153, 
 46 66.81569902944446 11.507056046582564 0.11016428114765642, 
 48 74.10367583263022 58.11812230964094 0.2325021718058792, 
 50 63.65828877455223 20.476243239511206 0.12540576789154864, 
 52 93.71889781777139 89.5018928623837 0.18582707332329443, 
 54 15.640375212093838 19.97035724907824 0.1177342616990775, 
 56 84.1563199727581 92.29857029185509 0.1822118586627391, 
 58 44.51568382384733 71.83873011181667 0.1053068540396569, 
 60 46.47684146862182 34.40368267506295 0.12276554443161197, 
 62 96.06621731340907 96.18834210590244 0.24032113788248774, 
 64 98.6539229747832 70.48036602418993 0.23761954797164941, 
 66 20.88202771970471 98.07665789766294 0.1662643111407037, 
 68 79.8446906066314 84.02307534074052 0.22263485504341787, 
 70 66.90438000301442 78.09169060950103 0.047050253292196864, 
 72 71.67319561747951 26.161734975417584 0.24513574741138672, 
 74 63.6413740952919 34.34341983420076 0.022896659323116936, 
 76 58.754491829206735 40.67570550173547 0.03360746368846568, 
 78 71.31255658943842 34.610034840716544 0.096070904129479, 
 80 13.661665840001369 88.80848065122218 0.22562380090927003, 
 82 12.52151022611605 9.938350015146025 0.10347339222781521, 
 84 85.04717790767772 89.73877782384356 0.23740594968695689, 
 86 22.146631710855015 34.05046937568803 0.1469716403873474, 
 88 32.39778328776666 98.85067728341889 0.05556829134578811, 
 90 57.92163652482941 25.306112474903642 0.19895683929102956, 
 92 82.33875175351709 24.321130987991822 0.029212548340368016, 
 94 41.77789531289757 63.24671228387676 0.13274590083467203, 
 96 54.60607462701359 68.26128604071587 0.08773887380669745, 
 98 24.756580378416015 3.1267604652821412 0.2411431529373118, 
