Time: 2021/03/14 20:50:22
Execution time: 19056.324370337 seconds
Format: Number X Y Radius, 
 0 45.584588 8.4615324 0.37, 37 46.200624 5.6202381 0.37, 
 1 30.965299 3.8078434 0.37, 71 35.302336 6.4891878 0.37, 
 2 21.816192 62.268716 0.37, 
 3 11.373036 92.868183 0.37, 
 4 12.884209 32.684529 0.37, 32 9.0309962 34.411155 0.37, 
 5 93.819547 74.301847 0.37, 79 96.319686 79.051888 0.37, 91 92.196582 73.535253 0.37, 
 6 48.452965 29.232575 0.37, 
 7 74.052807 12.821888 0.37, 
 8 30.23414 51.369479 0.37, 
 9 0.71203633 39.609457 0.37, 96 3.4677105 39.520498 0.37, 
 10 60.882952 97.333044 0.37, 39 63.450203 96.014204 0.37, 
 11 35.014446 29.615546 0.37, 
 12 64.031213 59.113179 0.37, 
 13 83.740499 57.063444 0.37, 
 14 9.5685537 60.938477 0.37, 42 11.906457 63.003075 0.37, 85 10.883607 62.690019 0.37, 
 15 57.974486 56.002977 0.37, 29 57.283245 56.669285 0.37, 
 16 57.433808 28.290847 0.37, 54 57.859825 24.128811 0.37, 
 17 51.46516 15.662992 0.37, 
 18 44.694359 72.909 0.37, 
 19 95.893685 4.3400845 0.37, 
 20 17.785581 79.426082 0.37, 49 19.536356 84.293571 0.37, 
 21 55.090897 40.78453 0.37, 40 55.352382 41.568058 0.37, 90 52.166878 42.112272 0.37, 
 22 61.886282 82.600308 0.37, 36 62.326363 80.104335 0.37, 
 23 2.9580718 96.245043 0.37, 51 0.83583423 93.955648 0.37, 65 3.0084938 95.263535 0.37, 67 4.6250048 94.179766 0.37, 
 24 63.373342 42.352182 0.37, 
 25 83.056942 5.7950909 0.37, 
 26 38.817509 78.198211 0.37, 
 27 42.90961 62.762644 0.37, 
 28 7.6327458 50.794349 0.37, 86 6.8449433 52.247811 0.37, 
 29 57.283245 56.669285 0.37, 15 57.974486 56.002977 0.37, 
 30 86.327959 31.103601 0.37, 
 31 20.138322 74.054122 0.37, 47 17.296841 73.281649 0.37, 
 32 9.0309962 34.411155 0.37, 4 12.884209 32.684529 0.37, 
 33 18.416426 87.563064 0.37, 49 19.536356 84.293571 0.37, 
 34 66.390813 33.543689 0.37, 41 65.82145 33.112866 0.37, 
 35 72.44447 79.279206 0.37, 44 67.239006 78.492857 0.37, 
 36 62.326363 80.104335 0.37, 44 67.239006 78.492857 0.37, 22 61.886282 82.600308 0.37, 
 37 46.200624 5.6202381 0.37, 0 45.584588 8.4615324 0.37, 
 38 30.615037 40.506774 0.37, 
 39 63.450203 96.014204 0.37, 10 60.882952 97.333044 0.37, 93 68.271351 95.098523 0.37, 
 40 55.352382 41.568058 0.37, 21 55.090897 40.78453 0.37, 90 52.166878 42.112272 0.37, 
 41 65.82145 33.112866 0.37, 34 66.390813 33.543689 0.37, 
 42 11.906457 63.003075 0.37, 14 9.5685537 60.938477 0.37, 60 14.428802 67.557686 0.37, 85 10.883607 62.690019 0.37, 
 43 66.642936 85.39908 0.37, 61 67.19944 86.678021 0.37, 
 44 67.239006 78.492857 0.37, 35 72.44447 79.279206 0.37, 36 62.326363 80.104335 0.37, 
 45 92.152484 53.805575 0.37, 
 46 82.056074 73.926331 0.37, 66 80.049451 75.366378 0.37, 
 47 17.296841 73.281649 0.37, 89 13.773937 74.086344 0.37, 31 20.138322 74.054122 0.37, 
 48 94.065286 44.529957 0.37, 
 49 19.536356 84.293571 0.37, 20 17.785581 79.426082 0.37, 33 18.416426 87.563064 0.37, 
 50 20.908162 49.477459 0.37, 56 17.794031 53.257659 0.37, 88 22.487453 51.147192 0.37, 
 51 0.83583423 93.955648 0.37, 23 2.9580718 96.245043 0.37, 65 3.0084938 95.263535 0.37, 67 4.6250048 94.179766 0.37, 
 52 29.451373 79.173533 0.37, 
 53 26.932367 13.993743 0.37, 
 54 57.859825 24.128811 0.37, 16 57.433808 28.290847 0.37, 87 60.01578 19.518318 0.37, 
 55 39.028573 13.36165 0.37, 
 56 17.794031 53.257659 0.37, 50 20.908162 49.477459 0.37, 88 22.487453 51.147192 0.37, 
 57 38.711551 6.3139088 0.37, 71 35.302336 6.4891878 0.37, 
 58 14.617047 47.03198 0.37, 
 59 82.486234 97.837275 0.37, 
 60 14.428802 67.557686 0.37, 42 11.906457 63.003075 0.37, 
 61 67.19944 86.678021 0.37, 43 66.642936 85.39908 0.37, 
 62 74.148754 49.626102 0.37, 80 73.011817 46.880679 0.37, 
 63 1.42899 29.624386 0.37, 
 64 13.872997 19.087035 0.37, 
 65 3.0084938 95.263535 0.37, 23 2.9580718 96.245043 0.37, 51 0.83583423 93.955648 0.37, 67 4.6250048 94.179766 0.37, 
 66 80.049451 75.366378 0.37, 46 82.056074 73.926331 0.37, 
 67 4.6250048 94.179766 0.37, 23 2.9580718 96.245043 0.37, 51 0.83583423 93.955648 0.37, 65 3.0084938 95.263535 0.37, 
 68 65.784952 66.912592 0.37, 82 67.081529 68.084057 0.37, 92 60.866776 68.397999 0.37, 
 69 44.895102 19.093907 0.37, 
 70 79.467563 29.202596 0.37, 
 71 35.302336 6.4891878 0.37, 1 30.965299 3.8078434 0.37, 57 38.711551 6.3139088 0.37, 
 72 2.4857404 5.2655618 0.37, 
 73 21.253928 28.567561 0.37, 94 22.778027 31.336904 0.37, 
 74 70.311257 17.409292 0.37, 
 75 54.073332 67.446059 0.37, 
 76 86.188536 89.880616 0.37, 
 77 73.0402 35.368381 0.37, 
 78 10.108268 10.848878 0.37, 
 79 96.319686 79.051888 0.37, 5 93.819547 74.301847 0.37, 
 80 73.011817 46.880679 0.37, 62 74.148754 49.626102 0.37, 
 81 1.3222531 67.876207 0.37, 84 3.288544 65.093748 0.37, 
 82 67.081529 68.084057 0.37, 68 65.784952 66.912592 0.37, 
 83 47.701231 42.282043 0.37, 90 52.166878 42.112272 0.37, 
 84 3.288544 65.093748 0.37, 81 1.3222531 67.876207 0.37, 
 85 10.883607 62.690019 0.37, 14 9.5685537 60.938477 0.37, 42 11.906457 63.003075 0.37, 
 86 6.8449433 52.247811 0.37, 28 7.6327458 50.794349 0.37, 
 87 60.01578 19.518318 0.37, 54 57.859825 24.128811 0.37, 
 88 22.487453 51.147192 0.37, 56 17.794031 53.257659 0.37, 50 20.908162 49.477459 0.37, 
 89 13.773937 74.086344 0.37, 47 17.296841 73.281649 0.37, 
 90 52.166878 42.112272 0.37, 21 55.090897 40.78453 0.37, 40 55.352382 41.568058 0.37, 83 47.701231 42.282043 0.37, 
 91 92.196582 73.535253 0.37, 5 93.819547 74.301847 0.37, 
 92 60.866776 68.397999 0.37, 68 65.784952 66.912592 0.37, 
 93 68.271351 95.098523 0.37, 39 63.450203 96.014204 0.37, 
 94 22.778027 31.336904 0.37, 73 21.253928 28.567561 0.37, 95 20.001236 34.752904 0.37, 
 95 20.001236 34.752904 0.37, 94 22.778027 31.336904 0.37, 
 96 3.4677105 39.520498 0.37, 9 0.71203633 39.609457 0.37, 
 97 65.636774 3.1180257 0.37, 
 98 49.893507 63.135785 0.37, 
 99 47.727423 56.41077 0.37, 
