0.36224489795918347
1.0
0.10131195335276955
-0.7499619867383298
-0.4671026832378251
0.3639233325176098
0.5631336385480205
-0.0037066291310053484
-0.4553782926380944
-0.2309976388798429
0.2480105660674543
0.31344789706939485
-0.038659287794405264
-0.2722736164905858
-0.10876852262681726
0.1633659111816797
0.17152853048571517
-0.043418625661692585
-0.16043587137953688
-0.04747150876941954
0.10480213489923168
0.09207674024640843
-0.03708298261631882
-0.09320047151636326
-0.018026509626091036
0.06578901801751967
0.0483198921045728
-0.02815009387729079
-0.05337456551313237
-0.00475653639283901
0.040536850038382324
0.024658932619693652
-0.019972793763953244
-0.03011948111874533
6.074691023956478E-4
0.024566397580569325
0.012133530494308447
-0.013548094314594515
-0.016732030973789794
0.0023126008681059666
0.014662037170550351
0.0056713833024112925
-0.008892805795018801
-0.009136287427111891
0.0024666887919317917
0.008624598009902245
0.002445144221071826
-0.005688752670216766
-0.00489199234029429
0.0020673695705311686
0.005001622894042829
9.051463475376294E-4
-0.0035625668162055407
