0.36224489795918347
1.0
0.33692957219758696
-0.6199295310676535
-0.7137943310455105
0.03671484348815912
0.6333410951508209
0.40472754192183497
-0.260907351092867
-0.524392216053453
-0.13874032009776388
0.35120685561756715
0.35996738163010106
-0.05137706748845819
-0.3420173535266503
-0.19168427744860472
0.15939803681985187
0.27302433109169855
0.05216744283766164
-0.19667043543029025
-0.17983200034625366
0.04373948681283978
0.18330607619157785
0.08893068857859736
-0.09493288045326978
-0.1411117331253382
-0.016272755326061428
0.10900754613838606
0.08890528609747675
-0.0316570632003518
-0.09752981080627528
-0.04017342173357905
0.05542737687334322
0.07238013191978082
0.0026104877112552135
-0.05986195342757751
-0.04343393117301922
0.021094349860910785
0.051522176850067755
0.017499032992025692
-0.031843955052847754
-0.03682903386784169
0.00177336288522724
0.03259467134982002
0.020928105657480125
-0.013359384823756263
-0.027025054839791143
-0.007223994586413677
0.0180489215278737
0.018579186856662256
-0.0025852169401767017
-0.017606918721578036
-0.009918649321774409
