1.0
0.3433640621856735
-0.6310801395035321
-0.731035162673087
0.04504699507570471
0.6646532773901749
0.41738577169181884
-0.28954286664310996
-0.5606595817383866
-0.13402213446548045
0.3939866784444278
0.3867423690264045
-0.07595165376442625
-0.3874165020289697
-0.20020881686083755
0.19835386149141992
0.309771674292689
0.040780201488080293
-0.24052931725790916
-0.200529587448635
0.07080000995389496
0.22245519430700844
0.09139172157300561
-0.13008006521973234
-0.1685553800174687
-0.0029885160239869037
0.14406464960458432
0.10152422046031996
-0.05516673250523196
-0.12589377470293264
-0.03863222583957083
0.08260463077598731
0.09021651966817945
-0.009653732516671835
-0.08483622713989802
-0.04989098835318455
0.03928101340829732
0.07022485818955897
0.014173681905938368
-0.051142890857142846
-0.0474082195151229
0.011778139474721425
0.04918546017172288
0.023566929325556683
-0.02645367278978854
-0.038596188247610755
-0.003573059563844247
0.031004459355648457
0.024389104500824987
-0.010128350340178387
-0.028097822338846813
-0.010515578102722687
