0.36224489795918347
1.0
0.21938775510204045
-0.9201895043731781
-0.6894523115368592
0.607615130600346
1.0201797295344623
-0.11730295959045423
-1.1166788920814446
-0.4395505009471623
0.9368911724324227
0.9265505715418121
-0.5057509653642152
-1.2148125088291768
-0.0861203584734549
1.216248128520414
0.7004984211739964
-0.9089896369205499
-1.183081806032423
0.3479063233373476
1.4014634314474697
0.34357362824907955
-1.28038972302729
-0.999661341179074
0.8251520531589889
1.4511247728521945
-0.12628171112474007
-1.5679980877587036
-0.6570453044533089
1.2955233692592392
1.3322763166510596
-0.6736918078666732
-1.7198682745314313
-0.16580662582859196
1.6998485216768615
1.026144234736595
-1.2467414695063401
-1.6904461968159126
0.4431211930574577
1.9753515019422863
0.5332534230614643
-1.7800802822560802
-1.4474351501448788
1.1182126039816889
2.0626534144121864
-0.12281406389805216
-2.2002929373846802
-0.9783913661567469
1.78960350482987
1.9137432566861055
-0.8937498489368543
-2.4333245812111817
-0.2961861184964656
